% Run this to get all the plots
arrivals = [30 24 29 29 32 21 23 29 22 26 25 26 23 25 34 32 27 28 20 26 15 21 20 29 20 24 19 19 42 21 25 30 26 22 27 25 25 35 22 29 25 29 24 31 22 23 29 32 18 33 25 18 21 27 31 23 18 15 24 18 21 35 32 30 22 25 23 28 25 27 25 17 24 33 33 28 22 28 27 23 27 20 24 31 30 23 21 31 23 27 34 26 27 30 24 32 24 29 27 32 25 21 34 32 20 31 27 24 26 22 29 22 24 21 21 22 26 24 20 54 37 37 45 50 60 55 48 43 49 43 41 40 46 40 38 49 37 50 38 49 36 56 34 45 39 40 51 49 48 58 47 50 36 38 45 36 35 39 44 51 46 50 34 38 77 39 53 37 65 35 53 35 28 55 46 39 38 43 54 51 42 46 46 44 48 37 45 50 41 62 46 53 49 47 33 49 51 55 53 51 59 49 54 60 48 45 38 51 53 36 47 40 47 40 48 42 42 40 35 47 40 47 45 58 41 46 49 37 44 46 56 44 42 52 44 28 42 47 51 40 48 45 45 41 49 39 47 34 43 48 48 47 42 39 47 47 49 42 49 39 55 48 47 41 45 36 41 53 48 36 37 42 46 46 48 41 50 41 42 39 60 28 51 42 39 44 57 55 50 48 37 48 43 50 56 54 52 39 50 36 32 43 43 42 35 36 29 31 42 35 34 41 35 32 30 38 38 29 36 35 41 38 30 30 35 28 29 33 32 44 43 37 41 40 35 32 33 37 36 31 29 27 28 37 33 32 32 27 34 44 36 31 37 39 35 29 42 37 35 30 36 34 41 33 31 32 39 37 48 32 43 29 34 21 40 39 32 28 42 38 26 34 49 38 30 34 42 27 28 33 32 37 40 28 26 26 34 40 38 34 28 36 36 35 36 33 32 42 34 29 36 35 37 36 31 41 26 27 44 20 25 21 30 22 23 31 23 29 27 16 22 29 26 30 22 21 21 26 19 27 29 28 21 24 22 24 21 23 25 20 26 15 23 23 22 28 22 27 25 32 27 29 27 22 27 13 25 30 26 27 25 24 23 28 29 27 20 16 18 27 21 26 28 26 11 13 22 22 27 30 20 23 27 31 27 22 31 21 20 25 30 27 32 21 24 28 31 25 28 33 21 32 25 33 25 25 33 29 29 26 27 39 33 23 31 26 27 28 29 29 22 26 24 20 29 31 31 27 24 26 26 27 25 20 26 16 28 25 30 25 19 25 25 17 29 23 27 24 20 24 21 24 15 28 26 29 26 24 25 39 17 18 27 26 21 21 27 32 28 24 24 30 34 33 31 29 23 25 21 25 33 24 31 35 20 24 29 29 32 22];
time_step = [0 1 2 3 4 5 6 7 8 9 10 11 12 13 14 15 16 17 18 19 20 21 22 23 24 25 26 27 28 29 30 31 32 33 34 35 36 37 38 39 40 41 42 43 44 45 46 47 48 49 50 51 52 53 54 55 56 57 58 59 60 61 62 63 64 65 66 67 68 69 70 71 72 73 74 75 76 77 78 79 80 81 82 83 84 85 86 87 88 89 90 91 92 93 94 95 96 97 98 99 100 101 102 103 104 105 106 107 108 109 110 111 112 113 114 115 116 117 118 119 120 121 122 123 124 125 126 127 128 129 130 131 132 133 134 135 136 137 138 139 140 141 142 143 144 145 146 147 148 149 150 151 152 153 154 155 156 157 158 159 160 161 162 163 164 165 166 167 168 169 170 171 172 173 174 175 176 177 178 179 180 181 182 183 184 185 186 187 188 189 190 191 192 193 194 195 196 197 198 199 200 201 202 203 204 205 206 207 208 209 210 211 212 213 214 215 216 217 218 219 220 221 222 223 224 225 226 227 228 229 230 231 232 233 234 235 236 237 238 239 240 241 242 243 244 245 246 247 248 249 250 251 252 253 254 255 256 257 258 259 260 261 262 263 264 265 266 267 268 269 270 271 272 273 274 275 276 277 278 279 280 281 282 283 284 285 286 287 288 289 290 291 292 293 294 295 296 297 298 299 300 301 302 303 304 305 306 307 308 309 310 311 312 313 314 315 316 317 318 319 320 321 322 323 324 325 326 327 328 329 330 331 332 333 334 335 336 337 338 339 340 341 342 343 344 345 346 347 348 349 350 351 352 353 354 355 356 357 358 359 360 361 362 363 364 365 366 367 368 369 370 371 372 373 374 375 376 377 378 379 380 381 382 383 384 385 386 387 388 389 390 391 392 393 394 395 396 397 398 399 400 401 402 403 404 405 406 407 408 409 410 411 412 413 414 415 416 417 418 419 420 421 422 423 424 425 426 427 428 429 430 431 432 433 434 435 436 437 438 439 440 441 442 443 444 445 446 447 448 449 450 451 452 453 454 455 456 457 458 459 460 461 462 463 464 465 466 467 468 469 470 471 472 473 474 475 476 477 478 479 480 481 482 483 484 485 486 487 488 489 490 491 492 493 494 495 496 497 498 499 500 501 502 503 504 505 506 507 508 509 510 511 512 513 514 515 516 517 518 519 520 521 522 523 524 525 526 527 528 529 530 531 532 533 534 535 536 537 538 539 540 541 542 543 544 545 546 547 548 549 550 551 552 553 554 555 556 557 558 559 560 561 562 563 564 565 566 567 568 569 570 571 572 573 574 575 576 577 578 579 580 581 582 583 584 585 586 587 588 589 590 591 592 593 594 595 596 597 598 599];
rejected_2 = [0 0 0 0 0 0 0 0 0 0 0 0 0 0 0 0 0 0 0 0 0 0 0 0 0 0 0 0 0 0 0 0 0 0 0 0 0 0 0 0 0 0 0 0 0 0 0 0 0 0 0 0 0 0 0 0 0 0 0 0 0 0 0 0 0 0 0 0 0 0 0 0 0 0 0 0 0 0 0 0 0 0 0 0 0 0 0 0 0 0 0 0 0 0 0 0 0 0 0 0 0 0 0 0 0 0 0 0 0 0 0 0 0 0 0 0 0 0 0 0 0 0 0 17 40 35 28 23 29 23 21 0 46 0 38 29 17 20 28 29 16 36 14 15 29 10 41 29 28 18 27 40 16 8 25 16 25 19 24 11 16 30 14 28 57 29 33 17 45 5 33 15 8 25 46 9 28 23 34 1 42 26 26 4 38 27 15 20 41 42 16 23 49 27 13 29 31 35 33 21 29 39 34 30 38 15 28 31 33 6 37 20 17 10 28 42 22 20 5 17 20 17 25 58 1 46 9 27 24 36 36 14 32 32 24 0 30 27 21 10 38 35 15 31 19 29 7 24 23 28 28 17 22 29 27 17 29 22 29 19 35 18 17 31 15 36 1 33 38 26 17 22 6 46 8 31 30 21 12 9 50 18 31 22 9 24 37 25 30 48 7 18 43 30 36 24 42 0 19 16 22 13 23 22 25 26 9 1 22 15 0 35 15 2 10 28 18 0 5 35 21 18 10 0 15 0 7 23 0 36 3 27 31 20 5 12 13 27 0 27 9 0 15 0 20 22 2 17 4 24 26 11 7 29 15 0 31 17 15 0 6 34 21 3 1 32 0 36 28 12 13 9 4 1 20 19 32 0 10 38 0 0 29 28 10 14 32 0 0 28 2 27 0 28 0 0 26 0 18 24 8 16 0 21 6 33 12 2 34 9 0 1 17 26 21 11 16 0 31 0 0 0 6 0 5 1 13 9 0 0 0 4 6 0 12 1 1 0 0 0 11 0 0 13 2 0 0 8 0 0 0 6 3 3 0 0 12 0 2 22 7 0 16 2 0 0 5 10 0 0 8 14 3 0 17 7 0 0 0 0 0 8 0 14 0 0 0 0 0 5 0 0 0 11 7 2 11 0 0 0 6 17 22 1 0 2 1 5 28 3 1 12 5 13 5 0 18 9 0 5 7 0 32 3 0 0 4 8 29 0 1 0 20 0 9 1 21 7 0 0 6 0 22 0 6 0 0 0 0 4 19 0 10 0 6 0 0 0 0 0 0 0 8 0 14 9 6 0 0 8 0 15 0 13 0 0 0 11 8 4 4 10 14 13 1 9 3 5 1 5 13 4 11 15 0 0 3 0 21 0];
rejected_6 = [0 0 0 0 0 0 0 0 0 0 0 0 0 0 0 0 0 0 0 0 0 0 0 0 0 0 0 0 0 0 0 0 0 0 0 0 0 0 0 0 0 0 0 0 0 0 0 0 0 0 0 0 0 0 0 0 0 0 0 0 0 0 0 0 0 0 0 0 0 0 0 0 0 0 0 0 0 0 0 0 0 0 0 0 0 0 0 0 0 0 0 0 0 0 0 0 0 0 0 0 0 0 0 0 0 0 0 0 0 0 0 0 0 0 0 0 0 0 0 0 0 0 0 0 0 0 0 0 0 0 0 0 0 0 0 0 0 0 0 0 0 0 0 0 0 0 0 0 0 0 0 0 0 0 0 0 0 0 0 0 0 0 0 0 0 0 0 0 0 0 0 0 0 0 0 0 0 0 0 0 0 0 0 0 0 0 0 0 0 0 0 0 0 0 0 0 0 0 0 0 0 0 0 0 0 0 0 0 0 0 0 0 0 0 0 0 0 0 0 0 0 0 0 0 0 0 0 0 0 0 0 0 0 0 0 0 0 0 0 0 0 0 0 0 0 0 0 0 0 0 0 0 0 0 0 0 0 0 0 0 0 0 0 0 0 0 0 0 0 0 0 0 0 0 0 0 0 0 0 0 0 0 0 0 0 0 0 0 0 0 0 0 0 0 0 0 0 0 0 0 0 0 0 0 0 0 0 0 0 0 0 0 0 0 0 0 0 0 0 0 0 0 0 0 0 0 0 0 0 0 0 0 0 0 0 0 0 0 0 0 0 0 0 0 0 0 0 0 0 0 0 0 0 0 0 0 0 0 0 0 0 0 0 0 0 0 0 0 0 0 0 0 0 0 0 0 0 0 0 0 0 0 0 0 0 0 0 0 0 0 0 0 0 0 0 0 0 0 0 0 0 0 0 0 0 0 0 0 0 0 0 0 0 0 0 0 0 0 0 0 0 0 0 0 0 0 0 0 0 0 0 0 0 0 0 0 0 0 0 0 0 0 0 0 0 0 0 0 0 0 0 0 0 0 0 0 0 0 0 0 0 0 0 0 0 0 0 0 0 0 0 0 0 0 0 0 0 0 0 0 0 0 0 0 0 0 0 0 0 0 0 0 0 0 0 0 0 0 0 0 0 0 0 0 0 0 0 0 0 0 0 0 0 0 0 0 0 0 0 0 0 0 0 0 0 0 0 0 0 0 0 0 0 0 0 0 0 0 0 0 0 0 0 0 0 0 0 0 0 0 0 0 0 0 0 0 0 0 0 0 0 0 0 0 0 0 0 0 0 0 0 0 0 0 0 0 0 0 0 0 0 0 0 0 0 0 0 0 0 0 0 0 0 0 0 0 0 0 0 0];
